seed: 1366197956
fitness: 0.4282
-0.00341332, 0.901713, -0.973966, -0.461915, 0.861362, 0.588173, 0.609768, -0.885908, 0.543338, -0.021608, -0.857131, -0.544013, -0.0334977, -0.689121, -0.940414, -0.707547, -0.630562, 0.609461, -0.287555, -0.821912, -0.407458, 0.838727, -0.277651 
