seed: 1366202228
fitness: 0.18
-0.364195, -0.647887, -0.89466, 0.408244, -0.415702, 0.719333, -0.177986, 0.715218, -0.56539, -0.306142, 0.25556, -0.268706, 0.0852885, 0.605348, 0.423719, 0.750521, -0.499322, 0.304426, 0.653066, -0.198795, 0.717026, -0.42312, -0.769437, 0.54964, -0.639983, -0.241765, -0.00169611, -0.693809, 0.68473, -0.573217, 0.990824, -0.344518, 0.303608, 0.749428, 0.782001, 0.358236, 0.773391 
