seed: 1366187757
fitness: 0.679159
-0.962675, 0.588216, 0.49828, -0.0297721, -0.0875987, -0.139209, -0.89658, 0.841324, 0.416497, 0.0187634, -0.315081, -0.351639, -0.493444, -0.542943, -0.364325, -0.73212, 0.835666, 0.127941, 0.0145293, 0.47307, -0.7409, -0.66698, 0.010776, -0.320704, 0.116337, -0.471666, 0.346973, -0.330152, 0.722695, 0.865675, 0.618766, -0.81991, 0.770683, 0.458277, -0.928521, 0.926467, -0.0196038 
