seed: 1366201929
fitness: 0.391756
-0.503379, 0.132398, -0.430728, 0.683958, 0.704276, 0.539303, 0.104466, 0.103953, -0.662985, 0.364969 
