seed: 1366186904 
fitness: 0.492689
0.820145, 0.169595, -0.420525, 0.917414, 0.112781, -0.635511, 0.390111, 0.953923, 0.886033, -0.111409 
