seed: 1366208190
fitness: 0.874406
-0.908552, 0.435966, 0.89764, 0.857999, -0.515941, -0.922256, 0.852167, 0.88024, -0.281442, -0.0168102, 0.379159, -0.599959, 0.441494, 0.154943, -0.67363, -0.330456, -0.868506, 0.896452, 0.401422, -0.0199213, 0.944812, 0.887258, -0.100087, 0.220059, -0.921285, 0.461758, -0.00183128, 0.0741204, 0.075393, -0.550676, -0.0316504, -0.268472, -0.748215, 0.541304, 0.992816, -0.408214, -0.307868 
