seed: 1366205005
fitness: 1.1081
0.306409, 0.0228944, 0.230332, -0.429737, 0.405686, 0.183583, 0.392145, 0.195283, 0.803369, 0.572016 
